framerate  5000
domino thickness  7.5438
domino spacing  9.38
friction  high
2362    
2688    unclear
2904    
3050    
3184    
3303    
3403    
3478    
3564    
3620    
3710    
3770    
3851    
3898    
3977    
4035    
4118    
4149    
4215    
4266    
4331    
4389    
4455    
4528    
4596    
4657    
4722    
4766    
4836    
4935    
4980    
5061    
5100    
5156    
5219    
5279    
5341    
5415    
5472    
5537    
5614    
5674    
5723    
5792    
5854    
5939    
5992    
6034    
6088    
6157    
6219    
6293    
6366    
6415    
6479    
6536    
6601    
6670    
6737    
6797    
6871    
6946    
7001    
7062    
7119    
7192    
7238    
7293    
7350    
7422    
7490    
7552    
7613    
7675    
7745    
7812    
7871    
7937    
7996    
8061    
8117    
8184    
8251    
8320    
8375    
8430    
8498    
8554    
8619    
8688    
8737    