framerate  5000
domino thickness  7.5438
domino spacing  9.38
friction  high
6212    
6433    
6643    
6737    
6818    
6914    
6992    
7079    
7150    
7239    
7293    twist
7352    twist
7414    twist
7478    twist
7549    twist
7616    twist
7683    
7763    
7815    
7868    
7929    
7994    
8057    
8125    
8187    
8238    
8309    
8371    
8440    
8493    
8559    
8624    
8693    
8754    
8802    
8868    
8936    
9009    
9065    
9110    
9169    
9242    
9308    
9389    
9442    
9501    
9582    
9637    
9708    
9774    
9821    
9884    
9946    
10005   
10070   
10152   
10193   
10254   
10322   
10384   
10449   
10527   
10595   
10640   
10721   
10776   
10826   
10890   
10956   
11022   
11102   
11153   
11214   
11274   twist
11342   
11423   
11483   
11539   
11593   
11663   
11732   
11781   
11852   
11920   
11980   
12046   
12114   
12160   
12221   
12278   
12354   
12397   
12462   