framerate  4000
domino thickness  7.5438
domino spacing  9.38
friction  low
2518    
2675    
2801    
2905    
2980    
3054    
3150    
3220    
3290    
3350    
3404    
3479    
3545    
3598    
3648    
3710    
3770    
3830    
3892    
3942    
3990    
4040    twist
4090    twist
4142    twist
4186    twist
4241    twist
4302    twist
4355    twist
4422    
4481    
4550    
4595    
4651    
4701    twist
4766    twist
4817    
4888    
4950    
5001    
5067    
5130    
5178    
5236    
5294    
5343    
5394    
5456    twist
5518    
5573    
5635    
5698    
5760    
5804    
5863    
5925    
5981    
6021    
6080    
6120    