framerate  5000
domino thickness  7.5438
domino spacing  9.38
friction  low
3581    
3660    
3725    
3775    
3833    
3898    
3945    
4001    twist
4079    
4159    
4230    
4300    
4358    
4421    
4485    
4545    
4610    
4670    
4733    
4800    
4868    
4941    
5006    
5076    
5147    
5212    
5272    
5331    
5392    
5452    
5530    
5600    
5659    
5725    
5787    twist
5840    twist
5891    twist
5951    
6016    
6075    
6137    
6204    
6275    
6331    
6398    
6460    
6532    
6600    
6661    
6732    
6808    
6870    
6926    
6990    
7050    
7115    
7177    
7243    
7310    
7364    
7424    twist
7502    
7564    
7629    
7690    
7750    
7813    
7878    
7938    
8003    
8056    
8118    
8176    
8245    
8316    
8389    
8464    
8522    
8584    
8651    
8713    
8780    
8850    
8914    
8966    
9022    
9082    
9137    
9200    
9267    
9333    
9404    