framerate  5000
domino thickness  7.5438
domino spacing  9.38
friction  high
1881    
2072    
2285    
2477    
2648    
2766    
2851    
2950    
3032    
3118    
3185    
3265    
3316    
3372    
3441    
3498    
3566    
3642    
3712    
3764    
3813    
3886    
    
4019    
4074    twist
4112    twist
4170    twist
4232    twist
4306    twist
4370    
4485    
4535    
4616    
4673    
4730    
4793    
4861    
4928    
4981    
5049    
5113    
5173    
5245    
5310    
5361    
5434    
5501    
5528    twist
5603    
5681    
5750    
5812    
5857    
5935    
6000    
6023    