framerate  5000
domino thickness  7.5438
domino spacing  15.0876
friction  low
2741    
3018    
3171    
3315    
3403    
3536    
3654    
3742    
3842    
3927    
4024    
4133    
4220    
4330    
4424    
4528    
4617    
4717    
4816    
4908    
5013    
5123    
5232    
5315    
5426    
5522    
5626    
5725    
5808    
5916    
6021    
6125    
6219    
6332    
6416    
6512    
6635    
6724    
6829    
6927    
7021    
7131    
7230    
7320    
7420    
7525    
7633    
7713    
7794    
7903    
8020    
8111    
8215    
8319    
8416    
8510    
8612    
8708    
8820    
8917    
9022    
9101    
9188    
9291    
9405    
9530    
9609    
9695    
9790    
9906    