framerate  4000
domino thickness  7.5438
domino spacing  9.38
friction  low
2295    
2425    
2551    
2637    
2760    
2844    
2924    
2995    
3047    
3112    
3165    
3245    
3300    
3357    
3408    
3469    
3525    
3579    
3626    twist
3672    twist
3727    twist
3791    
3848    
3904    
3965    
4018    
4076    
4134    
4179    
4231    
4310    
4358    
4411    
4465    
4514    
4571    
4618    
4673    
4734    
4793    
    
4881    
4935    
4987    
5039    
5091    
5155    
5207    
5249    
5303    twist
5358    
5420    
5473    
5527    
5589    
5650    
5704    
5772    
5814    