framerate  1000
domino thickness  7.5438
domino spacing  9.38
friction  low
347 twist
383 twist
424 
445 
473 
499 
530 
551 
569 
588 
604 
620 
635 
648 
661 twist
673 twist
685 
699 
712 twist
725 twist
739 twist
753 
765 
778 
791 
805 
818 
832 
847 
864 
876 twist
886 
897 
909 twist
921 twist
934 twist
947 twist
962 twist
976 twist
992 
1006    
1021    
1034    
1047    twist
1060    twist
1074    twist
1088    twist
1106    
1118    
1128    
1142    twist
1155    twist
1169    
1182    
1196    
1209    
1222    
1236    
1248    
1263    
1272    
1283    
1296    
1309    
1324    
1342    
1351    
1363    
1375    
1388    
1402    
1416    
1429    
1442    
1456    
1469    
1483    
1497    
1511    
1525    
1537    
1549    
1562    
1574    
1587    
1598    
1610    
1623    twist
1637    twist
1650    
1664    
1678    
1693    
1705    
1719    
1733    
1746    twist
1760    
1769    
1782    
1798    
1808    
1820    
1831    
1843    
1858    
1870    
1884    twist
1895    twist
1911    
1924    
1938    
1953    
1962    
1975    
1989    
2002    
2015    
2029    
2043    
2058    
2070    
2084    